Chromosome: chr10_MATERNAL
0.0021869217274278437	0.11725264953978515	0.2864386820792579	0.5941217466535291
0.050359712230215826	0.8510791366906475	0.08057553956834532	0.017985611510791366

Chromosome: chr10_PATERNAL
0.0033075752253834446	0.13031260976466455	0.2798852593373141	0.5864945556726379
0.03792526491912995	0.7629670942554378	0.1528165086447295	0.046291132180702736

Chromosome: chr11_MATERNAL
0.0026890676312407787	0.24744181619151873	0.429441721003284	0.3204273951739565
0.026734104046242775	0.8923410404624278	0.07442196531791907	0.006502890173410405

Chromosome: chr11_PATERNAL
0.0031081641110650643	0.26246719160104987	0.4304116590689322	0.30401298521895287
0.05405405405405406	0.887509130752374	0.05405405405405406	0.004382761139517896

Chromosome: chr12_MATERNAL
0.0012489384023579957	0.09544387270819803	0.3171554178947894	0.5861517709946545
0.026108075288403157	0.7650273224043715	0.15846994535519127	0.050394656952034

Chromosome: chr12_PATERNAL
0.001484083207598506	0.09626753073288975	0.3418338321501892	0.5604145539093225
0.03773584905660377	0.8355795148247979	0.10512129380053908	0.0215633423180593

Chromosome: chr13_MATERNAL
0.0037188208616780044	0.19650793650793652	0.18802721088435373	0.6117460317460317
0.012418687167356593	0.6942637492607925	0.23832052040212892	0.05499704316972206

Chromosome: chr13_PATERNAL
0.0034371108343711084	0.22376089663760895	0.18002490660024906	0.5927770859277709
0.011437908496732025	0.6938997821350763	0.2434640522875817	0.05119825708061002

Chromosome: chr14_MATERNAL
0.00916406940503326	0.26236219007303346	0.35553798204400616	0.37293575847792715
0.03198976327575176	0.8746001279590531	0.08317338451695458	0.010236724248240563

Chromosome: chr14_PATERNAL
0.008472471367462398	0.2641092866013523	0.3269214847523113	0.400496757278874
0.0365296803652968	0.817351598173516	0.12075088787417554	0.025367833587011668

Chromosome: chr15_MATERNAL
0.004744154523890207	0.27041680786174177	0.3794758838811702	0.34536315373319776
0.03929384965831435	0.8433940774487472	0.10478359908883828	0.012528473804100227

Chromosome: chr15_PATERNAL
0.004005256899680831	0.30421177795857063	0.36854621690969397	0.32323674823205456
0.06987951807228916	0.8385542168674699	0.08855421686746988	0.0030120481927710845

Chromosome: chr16_MATERNAL
0.004068676958591834	0.20802193045736547	0.3285240225075747	0.45938537007646807
0.023221343873517788	0.8488142292490118	0.11314229249011858	0.014822134387351778

Chromosome: chr16_PATERNAL
0.00404420409122972	0.20686574182929696	0.340042323066071	0.4490477310134023
0.0346611484738748	0.8717020175892395	0.0817382307294361	0.01189860320744956

Chromosome: chr17_MATERNAL
0.004909950289299975	0.2936598484231114	0.3285388313910847	0.37289136989650395
0.08198284080076262	0.8531935176358436	0.05624404194470925	0.008579599618684462

Chromosome: chr17_PATERNAL
0.007260482979954753	0.3105873274758422	0.3302116763999228	0.35194051314428015
0.024760832864378166	0.8626899268429938	0.1052335396736072	0.007315700619020821

Chromosome: chr18_MATERNAL
0.0036773317093736825	0.19356349838384784	0.35171218438188034	0.45104698552489814
0.025894897182025894	0.7981721249047982	0.15003808073115005	0.025894897182025894

Chromosome: chr18_PATERNAL
0.0024834437086092716	0.18485394985808892	0.37494087038789026	0.43772173604541154
0.031650339110776186	0.8040693293142427	0.13790504898266767	0.02637528259231349

Chromosome: chr19_MATERNAL
0.0142143906020558	0.29605482134116495	0.3052373959862947	0.3844933920704846
0.09125475285171103	0.7903992395437263	0.10218631178707224	0.016159695817490494

Chromosome: chr19_PATERNAL
0.01221131789096052	0.2840683695820901	0.3344831749426517	0.36923713758429777
0.03636363636363636	0.8454545454545455	0.08803827751196172	0.03014354066985646

Chromosome: chr1_MATERNAL
0.006805502818588077	0.22033180477261444	0.3579898939743552	0.41487279843444225
0.036833424958768554	0.8873007146783948	0.07036833424958769	0.005497526113249038

Chromosome: chr1_PATERNAL
0.006291261357830516	0.21859127838831507	0.3870327886917582	0.38808467156209614
0.030894308943089432	0.8077235772357724	0.15040650406504066	0.01097560975609756

Chromosome: chr20_MATERNAL
0.0038234925410555345	0.20928920646859722	0.2826250470101542	0.5042622539801931
0.021143304620203602	0.7478465152701644	0.19890368050117463	0.03210649960845732

Chromosome: chr20_PATERNAL
0.0039541899768606665	0.20913271433174188	0.29630063559942593	0.4906124600919715
0.040740740740740744	0.7918518518518518	0.13407407407407407	0.03333333333333333

Chromosome: chr21_MATERNAL
0.006531512426838578	0.28026126049707356	0.182797523114768	0.5304097039613199
0.038910505836575876	0.833981841763943	0.125810635538262	0.0012970168612191958

Chromosome: chr21_PATERNAL
0.0052179687870594375	0.25250225321379444	0.18452635074237464	0.5577534272567715
0.01218836565096953	0.725207756232687	0.20886426592797783	0.05373961218836565

Chromosome: chr22_MATERNAL
0.009364757296706726	0.2689506269184746	0.3189220123822902	0.4027626034025285
0.021712907117008445	0.8202653799758746	0.1284680337756333	0.029553679131483716

Chromosome: chr22_PATERNAL
0.008156490812092472	0.2688796680497925	0.31758150563129817	0.40538233550681685
0.0460205739036275	0.7628586897671901	0.1613427179209529	0.02977801840822956

Chromosome: chr2_MATERNAL
0.0038705977923257037	0.2987528073780284	0.3697137669039996	0.32766282792564627
0.02762854950115119	0.7943207981580968	0.14504988488104376	0.03300076745970836

Chromosome: chr2_PATERNAL
0.004177799368472189	0.29604080641243624	0.36881224192373085	0.3309691522953607
0.04226415094339623	0.7705660377358491	0.16226415094339622	0.02490566037735849

Chromosome: chr3_MATERNAL
0.0029995313232307453	0.17890954538353382	0.3160443680674895	0.5020465552257459
0.045294117647058825	0.8188235294117647	0.09411764705882353	0.04176470588235294

Chromosome: chr3_PATERNAL
0.0036913709447245744	0.1902197697650081	0.31643040624108076	0.4896584530491866
0.056338028169014086	0.8384976525821596	0.08262910798122065	0.022535211267605635

Chromosome: chr4_MATERNAL
0.006032237861357419	0.2396083989847381	0.29099779147575566	0.4633615716781488
0.045021645021645025	0.7722943722943723	0.17056277056277055	0.012121212121212121

Chromosome: chr4_PATERNAL
0.006581720325519567	0.26456570372531857	0.28622377849106767	0.4426287974580942
0.07362459546925566	0.8187702265372169	0.09951456310679611	0.008090614886731391

Chromosome: chr5_MATERNAL
0.003781206341493045	0.19855129684747616	0.3070825487456721	0.4905849480653587
0.03173913043478261	0.7734782608695652	0.15	0.044782608695652176

Chromosome: chr5_PATERNAL
0.00801083819284915	0.21441754530639492	0.33859535449922445	0.4389762620015315
0.029212531752751906	0.7895850973751058	0.15918712955122777	0.02201524132091448

Chromosome: chr6_MATERNAL
0.003980293945222105	0.18633329562167666	0.2927727324152259	0.5169136780178754
0.04608050847457627	0.7722457627118644	0.14671610169491525	0.034957627118644065

Chromosome: chr6_PATERNAL
0.004813874884774271	0.21004654550420504	0.28546391869900195	0.49967566091201876
0.02722323049001815	0.7563520871143375	0.1705989110707804	0.04582577132486389

Chromosome: chr7_MATERNAL
0.006207195819104579	0.23674131652925307	0.31239741146727545	0.4446540761843669
0.0676773145641581	0.7855982674607471	0.11099079588521928	0.035733622089875475

Chromosome: chr7_PATERNAL
0.005820752711035509	0.23352115670848395	0.30355624069742715	0.45710184988305336
0.05870546914199699	0.7245358755644756	0.17059708981435023	0.04616156547917712

Chromosome: chr8_MATERNAL
0.008371783284973601	0.33617942253722116	0.3337297245873567	0.32171906959044855
0.03667214012041598	0.879584017515052	0.07006020799124248	0.013683634373289545

Chromosome: chr8_PATERNAL
0.008512933561595647	0.3420416969583265	0.34715414741680545	0.3022912220632724
0.04892512972572276	0.910303928836175	0.0385470719051149	0.002223869532987398

Chromosome: chr9_MATERNAL
0.0012907923479181837	0.11488051896471835	0.366088568213411	0.5177401204739525
0.016417910447761194	0.8186567164179105	0.1328358208955224	0.03208955223880597

Chromosome: chr9_PATERNAL
0.001505180621674601	0.14649257910949315	0.3375805096611593	0.5144217306076729
0.009860312243221035	0.8808545603944125	0.08299096138044372	0.02629416598192276

Chromosome: chrX_MATERNAL
0.0044427435189190985	0.22227029185663416	0.32067622882625046	0.4526107357981963
0.02982005141388175	0.8123393316195373	0.13830334190231364	0.01953727506426735

Chromosome: chrY_PATERNAL
0.02413793103448276	0.4331896551724138	0.2961206896551724	0.24655172413793103
0.15714285714285714	0.8428571428571429	0.0	0.0

