Chromosome: chr10_MATERNAL
0.05757866922892145	0.38854191688686046	0.140475618544319	0.4134037953398991
0.543002915451895	0.4271137026239067	0.024052478134110787	0.0058309037900874635

Chromosome: chr10_PATERNAL
0.06280698695032988	0.39454180835295144	0.1367744935623565	0.4058767111343622
0.4687298517085751	0.5061250805931657	0.014829142488716958	0.010315925209542231

Chromosome: chr11_MATERNAL
0.18029603315571344	0.557797513321492	0.17544108940201303	0.08646536412078153
0.6835016835016835	0.3148148148148148	0.0016835016835016834	0.0

Chromosome: chr11_PATERNAL
0.1937872865665501	0.5580813275732017	0.16793526709181925	0.080196118768429
0.6332046332046332	0.3667953667953668	0.0	0.0

Chromosome: chr12_MATERNAL
0.04918356759961463	0.38272275882512785	0.16400286554185914	0.40409080803339836
0.3965870307167236	0.5733788395904437	0.023208191126279865	0.006825938566552901

Chromosome: chr12_PATERNAL
0.06829436546847668	0.41203281677301734	0.15257828475695384	0.36709453300155215
0.4241788958770091	0.5562543675751223	0.013976240391334731	0.005590496156533892

Chromosome: chr13_MATERNAL
0.09177716432094854	0.33524912884101915	0.10775218355432864	0.4652215232837037
0.3690547862733293	0.5093317278747742	0.09030704394942805	0.031306441902468396

Chromosome: chr13_PATERNAL
0.09979230540994956	0.331915735337751	0.11116605676985461	0.45712590248244483
0.32195409064155384	0.5656268393172454	0.09005297233666863	0.022366097704532076

Chromosome: chr14_MATERNAL
0.16664368450082737	0.4448428019856591	0.12679260893546607	0.2617209045780474
0.5798712697483909	0.39906377998829723	0.02047981275599766	0.0005851375073142189

Chromosome: chr14_PATERNAL
0.14310990840965862	0.4528257701915071	0.1288769775187344	0.2751873438800999
0.5102370689655172	0.46336206896551724	0.018857758620689655	0.007543103448275862

Chromosome: chr15_MATERNAL
0.21528198908429352	0.4768179061690281	0.10480180825844865	0.20309829648822977
0.5146726862302483	0.4657637321294206	0.01655379984951091	0.0030097817908201654

Chromosome: chr15_PATERNAL
0.23737373737373738	0.46372259177137226	0.10020941118502094	0.19869425966986942
0.5749299719887955	0.4117647058823529	0.01330532212885154	0.0

Chromosome: chr16_MATERNAL
0.10018985157059027	0.44928661834081235	0.15938902312737316	0.2911345069612243
0.5019940179461615	0.46809571286141577	0.018943170488534396	0.010967098703888335

Chromosome: chr16_PATERNAL
0.11379747429698137	0.46443828928219333	0.1460260081686306	0.27573822825219474
0.5479597244303127	0.43932167461579225	0.009538950715421303	0.003179650238473768

Chromosome: chr17_MATERNAL
0.1920223932820154	0.46841947415775265	0.11772468259522144	0.2218334499650105
0.6147596479350034	0.3744075829383886	0.010832769126607989	0.0

Chromosome: chr17_PATERNAL
0.21027330328153074	0.5104655927875674	0.10423036913280585	0.17503073479809603
0.5316622691292876	0.45976253298153036	0.008575197889182058	0.0

Chromosome: chr18_MATERNAL
0.110825223580188	0.47164525968501647	0.13678335027908617	0.2807461664557093
0.42292171105730425	0.5415657788539144	0.02986279257465698	0.005649717514124294

Chromosome: chr18_PATERNAL
0.11434729667315148	0.4693557642514241	0.14970118546095817	0.26659575361446625
0.44479745830023826	0.5202541699761716	0.02938840349483717	0.005559968228752979

Chromosome: chr19_MATERNAL
0.19848564682005346	0.4393380559295904	0.09784751087953476	0.26432878637082136
0.5228088159917991	0.4556637621732445	0.018964633521271142	0.0025627883136852894

Chromosome: chr19_PATERNAL
0.2273843532300907	0.4641908484939608	0.09782990026562421	0.21059489801032427
0.5571131879543094	0.4273104880581516	0.009865005192107996	0.005711318795430945

Chromosome: chr1_MATERNAL
0.14428690575479566	0.4635441815548044	0.1392973676894488	0.2528715450009511
0.5552147239263804	0.41973415132924335	0.020961145194274028	0.00408997955010225

Chromosome: chr1_PATERNAL
0.16309805448247636	0.4946246219267511	0.12466684634504237	0.21761047724573016
0.4764169639318272	0.5017835909631391	0.017043202536662704	0.0047562425683709865

Chromosome: chr20_MATERNAL
0.13821087263042456	0.3896600344665518	0.1120162932790224	0.3601127996240013
0.5100154083204931	0.44298921417565484	0.03389830508474576	0.013097072419106317

Chromosome: chr20_PATERNAL
0.15131375579598144	0.4198351365275631	0.10502318392581143	0.323827923750644
0.5636942675159236	0.41321656050955413	0.01751592356687898	0.005573248407643312

Chromosome: chr21_MATERNAL
0.11496953872932986	0.3598781549173194	0.10382941688424717	0.42132288946910357
0.5162187210379982	0.4652455977757183	0.018535681186283594	0.0

Chromosome: chr21_PATERNAL
0.11172335170055102	0.3711761352840585	0.10193805814174425	0.4151624548736462
0.3547683923705722	0.5465940054495912	0.07411444141689373	0.02452316076294278

Chromosome: chr22_MATERNAL
0.15912758315548384	0.41887460309197855	0.1313570350320129	0.2906407787205247
0.441588785046729	0.5122663551401869	0.038551401869158876	0.007593457943925234

Chromosome: chr22_PATERNAL
0.15770981205932982	0.42962246798877546	0.11979154384889287	0.2928761761030019
0.4489112227805695	0.4879955332216639	0.04522613065326633	0.01786711334450028

Chromosome: chr2_MATERNAL
0.22624077255211478	0.46237058359255306	0.10362598077905195	0.20776266307628025
0.45499021526418787	0.49608610567514677	0.043052837573385516	0.005870841487279843

Chromosome: chr2_PATERNAL
0.20543561329766907	0.46398547955674435	0.100019105846389	0.23055980129919756
0.46311475409836067	0.4774590163934426	0.05635245901639344	0.0030737704918032786

Chromosome: chr3_MATERNAL
0.10324255818985503	0.385984977280455	0.11594695681740905	0.3948255077122809
0.47531734837799716	0.4978843441466855	0.021861777150916785	0.004936530324400564

Chromosome: chr3_PATERNAL
0.11386155528221949	0.38699261992619927	0.12599084324176574	0.3731549815498155
0.43655913978494626	0.4953405017921147	0.053763440860215055	0.014336917562724014

Chromosome: chr4_MATERNAL
0.15809860246041338	0.42483963930463886	0.12264881782405256	0.2944129404108952
0.5768094534711965	0.40620384047267355	0.014771048744460856	0.0022156573116691287

Chromosome: chr4_PATERNAL
0.16109137875363255	0.4297707458831127	0.12557313529221828	0.2835647400710365
0.45997088791848617	0.5043668122270742	0.03129548762736536	0.004366812227074236

Chromosome: chr5_MATERNAL
0.1084622933494376	0.3913942779497245	0.14418358873707254	0.3559598399637654
0.4623115577889447	0.481498401096391	0.039744175422567384	0.01644586569209685

Chromosome: chr5_PATERNAL
0.14773017123617668	0.48181359573298266	0.1247116305697103	0.24574460246113036
0.4381241858445506	0.5432045158488927	0.013460703430308293	0.005210594876248371

Chromosome: chr6_MATERNAL
0.110503226852274	0.390129985917348	0.11944925686149357	0.3799175303688844
0.7030651340996169	0.28160919540229884	0.008301404853128991	0.0070242656449553

Chromosome: chr6_PATERNAL
0.11493391774940179	0.3945479347899009	0.10916429993067514	0.38135384753002216
0.501627150162715	0.4486285448628545	0.03533240353324035	0.014411901441190145

Chromosome: chr7_MATERNAL
0.16267315612130287	0.4188131785847997	0.1250093597903407	0.2935043055035567
0.5645872715816005	0.41650913673597983	0.011342155009451797	0.007561436672967864

Chromosome: chr7_PATERNAL
0.13736061434883232	0.41600042078687144	0.11666316010940458	0.32997580475489163
0.517010596765198	0.43112102621305076	0.04294478527607362	0.008923591745677636

Chromosome: chr8_MATERNAL
0.2448673121750045	0.46978662363277746	0.10861574323112784	0.1767303209610902
0.6142131979695431	0.3745064861816131	0.007896221094190638	0.00338409475465313

Chromosome: chr8_PATERNAL
0.2470041346445841	0.5060150902847532	0.0939288467378355	0.15305192833282721
0.6476534296028881	0.348014440433213	0.002888086642599278	0.001444043321299639

Chromosome: chr9_MATERNAL
0.10954816709292413	0.43701226309921964	0.13807462784444882	0.3153649419634074
0.5003861003861004	0.4718146718146718	0.023166023166023165	0.004633204633204633

Chromosome: chr9_PATERNAL
0.1216103171836877	0.36531892645521086	0.14552108748692924	0.3675496688741722
0.5821428571428572	0.4107142857142857	0.004464285714285714	0.0026785714285714286

Chromosome: chrX_MATERNAL
0.16030916648581875	0.43027895097073604	0.15915730430863229	0.25025457823481295
0.5564814814814815	0.4222222222222222	0.013425925925925926	0.00787037037037037

Chromosome: chrY_PATERNAL
0.3432776451869531	0.4522673031026253	0.10023866348448687	0.10421638822593476
0.7954545454545454	0.20454545454545456	0.0	0.0

